1.41204309213538
1.41204309213538
1.41204309213538
1.41204309213538
1.41204309213538
1.41204309213538
1.41204309213538
1.41204309213538
1.41204309213538
1.41204309213538
1.41204309213538
1.41204309213538
1.41204309213538
1.41204309213538
1.41204309213538
1.41204309213538
1.41204309213538
1.41204309213538
1.41204309213538
1.41204309213538
1.41204309213538
1.41204309213538
1.4110430616168708
1.4110430616168708
1.4110430616168708
1.4110430616168708
1.4110430616168708
1.4110430616168708
1.41204309213538
1.4110430616168708
1.4110430616168708
1.4110430616168708
1.4110430616168708
1.4110430616168708
1.4110430616168708
1.4110430616168708
1.4110430616168708
1.4110430616168708
1.4110430616168708
1.4110430616168708
1.4110430616168708
1.4110430616168708
1.4110430616168708
1.4110430616168708
1.4110430616168708
1.4110430616168708
1.4110430616168708
1.4110430616168708
1.4110430616168708
1.4110430616168708
1.4110430616168708
1.4110430616168708
1.4110430616168708
1.4110430616168708
1.4110430616168708
1.4110430616168708
1.4110430616168708
1.4110430616168708
1.4110430616168708
1.4110430616168708
1.4110430616168708
1.4110430616168708
1.4110430616168708
1.4110430616168708
1.4110430616168708
1.4110430616168708
1.4110430616168708
1.4110430616168708
1.4100430310983612
1.4100430310983612
1.4110430616168708
1.4110430616168708
1.4110430616168708
1.4110430616168708
1.4110430616168708
1.4110430616168708
1.4100430310983612
1.4100430310983612
1.4100430310983612
1.4110430616168708
1.4110430616168708
1.4110430616168708
1.4100430310983612
1.4100430310983612
1.4100430310983612
1.4100430310983612
1.4100430310983612
1.4110430616168708
1.4110430616168708
1.4110430616168708
1.4100430310983612
1.4100430310983612
1.4100430310983612
1.4100430310983612
1.4100430310983612
1.4100430310983612
1.4100430310983612
1.4100430310983612
1.4100430310983612
1.4090430005798518
1.4100430310983612
1.4100430310983612
1.4100430310983612
1.4100430310983612
1.4100430310983612
1.4100430310983612
1.4090430005798518
1.4090430005798518
1.4090430005798518
1.4090430005798518
1.4090430005798518
1.4090430005798518
1.4090430005798518
1.4090430005798518
1.4090430005798518
1.4090430005798518
1.4090430005798518
1.4090430005798518
1.4090430005798518
1.4090430005798518
1.4090430005798518
1.4080429700613422
1.4080429700613422
1.4080429700613422
1.4080429700613422
1.4080429700613422
1.4090430005798518
1.4080429700613422
1.4080429700613422
1.4080429700613422
1.4080429700613422
1.4080429700613422
1.4080429700613422
1.4080429700613422
1.4080429700613422
1.4080429700613422
1.4080429700613422
1.4080429700613422
1.4080429700613422
1.4080429700613422
1.4080429700613422
1.4080429700613422
1.4080429700613422
1.4080429700613422
1.4080429700613422
1.4070429395428328
1.4080429700613422
1.4080429700613422
1.4080429700613422
1.4080429700613422
1.4080429700613422
1.4080429700613422
1.4080429700613422
1.4070429395428328
1.4070429395428328
1.4080429700613422
1.4080429700613422
1.4080429700613422
1.4070429395428328
1.4070429395428328
1.4070429395428328
1.4070429395428328
1.4070429395428328
1.4080429700613422
1.4080429700613422
1.4080429700613422
1.4080429700613422
1.4070429395428328
1.4070429395428328
1.4070429395428328
1.4070429395428328
1.4080429700613422
1.4080429700613422
1.4070429395428328
1.4070429395428328
1.4070429395428328
1.4070429395428328
1.4070429395428328
1.4080429700613422
1.4080429700613422
1.4080429700613422
1.4080429700613422
1.4070429395428328
1.4070429395428328
1.4070429395428328
1.4070429395428328
1.4080429700613422
1.4080429700613422
1.4080429700613422
1.4070429395428328
1.4070429395428328
1.4070429395428328
1.4070429395428328
1.4070429395428328
1.4080429700613422
1.4080429700613422
1.4080429700613422
1.4070429395428328
1.4070429395428328
1.4070429395428328
1.4070429395428328
1.4070429395428328
1.4070429395428328
1.4070429395428328
1.4070429395428328
1.4070429395428328
1.4070429395428328
1.4070429395428328
1.4070429395428328
1.4070429395428328
1.4070429395428328
1.4070429395428328
1.4070429395428328
1.4070429395428328
1.4070429395428328
1.4070429395428328
1.4070429395428328
1.4070429395428328
1.4070429395428328
1.4070429395428328
1.4070429395428328
1.4070429395428328
1.4070429395428328
1.4070429395428328
1.4070429395428328
1.4070429395428328
1.4070429395428328
1.4070429395428328
1.4070429395428328
1.4070429395428328
1.4070429395428328
1.4070429395428328
1.4070429395428328
1.4070429395428328
1.4070429395428328
1.4070429395428328
1.4070429395428328
1.4070429395428328
1.4070429395428328
1.4070429395428328
1.4070429395428328
1.4070429395428328
1.4070429395428328
1.4070429395428328
1.4070429395428328
1.4070429395428328
1.4070429395428328
1.4070429395428328
1.4070429395428328
1.4070429395428328
1.4070429395428328
1.4070429395428328
1.4070429395428328
1.4070429395428328
1.4070429395428328
1.4070429395428328
1.4070429395428328
1.4070429395428328
1.4070429395428328
1.4070429395428328
1.4070429395428328
1.4070429395428328
1.4070429395428328
1.4070429395428328
1.4070429395428328
1.4070429395428328
1.4070429395428328
1.4060429090243234
1.4060429090243234
1.4060429090243234
1.4070429395428328
1.4070429395428328
1.4070429395428328
1.4070429395428328
1.4070429395428328
1.4060429090243234
1.4060429090243234
1.4060429090243234
1.4070429395428328
1.4070429395428328
1.4070429395428328
1.4070429395428328
1.4060429090243234
1.4060429090243234
1.4060429090243234
1.4060429090243234
1.4060429090243234
1.4070429395428328
1.4070429395428328
1.4060429090243234
1.4060429090243234
1.4060429090243234
1.4060429090243234
1.4060429090243234
1.4060429090243234
1.4060429090243234
1.4060429090243234
1.4050428785058138
1.4050428785058138
1.4050428785058138
1.4050428785058138
1.4050428785058138
1.4050428785058138
1.4050428785058138
1.4050428785058138
1.4050428785058138
1.4050428785058138
1.4040428479873044
1.4040428479873044
1.4050428785058138
1.4050428785058138
1.4050428785058138
1.4040428479873044
1.4040428479873044
1.4040428479873044
1.4040428479873044
1.4040428479873044
1.4040428479873044
1.4040428479873044
1.4040428479873044
1.4040428479873044
1.4040428479873044
1.4040428479873044
1.4040428479873044
1.4040428479873044
1.4040428479873044
1.4040428479873044
1.4030428174687948
1.4030428174687948
1.4030428174687948
1.4030428174687948
1.4030428174687948
1.4030428174687948
1.4030428174687948
1.4040428479873044
1.4030428174687948
1.4030428174687948
1.4030428174687948
1.4030428174687948
1.4030428174687948
1.4030428174687948
1.4030428174687948
1.4030428174687948
1.4030428174687948
1.4030428174687948
1.4030428174687948
1.4030428174687948
1.4030428174687948
1.4030428174687948
1.4030428174687948
1.4030428174687948
1.4030428174687948
1.4020427869502854
1.4020427869502854
1.4030428174687948
1.4030428174687948
1.4030428174687948
1.4030428174687948
1.4020427869502854
1.4020427869502854
1.4020427869502854
1.4020427869502854
1.4020427869502854
1.4030428174687948
1.4030428174687948
1.4030428174687948
1.4020427869502854
1.4020427869502854
1.4020427869502854
1.4020427869502854
1.4020427869502854
1.4020427869502854
1.4030428174687948
1.4020427869502854
1.4020427869502854
1.4020427869502854
1.4020427869502854
1.4020427869502854
1.4020427869502854
1.4020427869502854
1.4020427869502854
1.4020427869502854
1.4020427869502854
1.4020427869502854
1.4020427869502854
1.4020427869502854
1.4020427869502854
1.4020427869502854
1.4020427869502854
1.4020427869502854
1.401042756431776
1.401042756431776
1.4020427869502854
1.4020427869502854
1.4020427869502854
1.4020427869502854
1.4020427869502854
1.4020427869502854
1.4020427869502854
1.401042756431776
1.401042756431776
1.4020427869502854
1.4020427869502854
1.4020427869502854
1.401042756431776
1.401042756431776
1.401042756431776
1.401042756431776
1.401042756431776
1.401042756431776
1.401042756431776
1.401042756431776
1.401042756431776
1.401042756431776
1.401042756431776
1.401042756431776
1.401042756431776
1.401042756431776
1.401042756431776
1.401042756431776
1.4000427259132666
1.4000427259132666
1.4000427259132666
1.4000427259132666
1.4000427259132666
1.401042756431776
1.401042756431776
1.4000427259132666
1.4000427259132666
1.4000427259132666
1.4000427259132666
1.4000427259132666
1.4000427259132666
1.4000427259132666
1.4000427259132666
1.399042695394757
1.399042695394757
1.399042695394757
1.399042695394757
1.4000427259132666
1.4000427259132666
1.4000427259132666
1.399042695394757
1.399042695394757
1.399042695394757
1.399042695394757
1.399042695394757
1.399042695394757
1.399042695394757
1.399042695394757
1.399042695394757
1.399042695394757
1.399042695394757
1.399042695394757
1.399042695394757
1.399042695394757
1.399042695394757
1.399042695394757
1.399042695394757
1.399042695394757
1.399042695394757
1.399042695394757
1.399042695394757
1.399042695394757
1.399042695394757
1.399042695394757
1.3980426648762476
1.3980426648762476
1.3980426648762476
1.3980426648762476
1.399042695394757
1.399042695394757
1.399042695394757
1.3980426648762476
1.3980426648762476
1.3980426648762476
1.3980426648762476
1.3980426648762476
1.3980426648762476
1.399042695394757
1.3980426648762476
1.3980426648762476
1.3980426648762476
1.3980426648762476
1.3980426648762476
1.3980426648762476
1.3980426648762476
1.399042695394757
1.3980426648762476
1.3980426648762476
1.3980426648762476
1.3980426648762476
1.3980426648762476
1.399042695394757
1.399042695394757
1.3980426648762476
1.3980426648762476
1.3980426648762476
1.3980426648762476
1.3980426648762476
1.3980426648762476
1.399042695394757
1.399042695394757
1.399042695394757
1.399042695394757
1.399042695394757
1.399042695394757
1.399042695394757
1.399042695394757
1.399042695394757
1.399042695394757
1.399042695394757
1.399042695394757
1.399042695394757
1.399042695394757
1.399042695394757
1.4000427259132666
1.4000427259132666
1.4000427259132666
1.4000427259132666
1.4000427259132666
1.4000427259132666
1.4000427259132666
1.4000427259132666
1.4000427259132666
1.4000427259132666
1.4000427259132666
1.4000427259132666
1.4000427259132666
1.399042695394757
1.399042695394757
1.399042695394757
1.399042695394757
1.3980426648762476
1.397042634357738
1.397042634357738
1.3960426038392286
1.395042573320719
1.395042573320719
1.3940425428022096
1.3940425428022096
1.3930425122837
1.3920424817651906
1.391042451246681
1.391042451246681
1.3900424207281719
1.3900424207281719
1.3890423902096622
1.3880423596911529
1.3860422986541339
1.3840422376171149
1.3820421765800959
1.3790420850245675
1.376041993469039
1.37404193243202
1.3710418408764915
1.3670417188024537
1.3630415967284157
1.359041474654378
1.35504135258034
1.351041230506302
1.3460410779137548
1.3420409558397168
1.3370408032471695
1.3310406201361125
1.3250404370250557
1.3190402539139987
1.3120400402844326
1.3060398571733758
1.2990396435438092
1.2910393993957334
1.2830391552476577
1.2740388805810725
1.2650386059144874
1.2570383617664114
1.248038087099826
1.2400378429517502
1.2320375988036745
1.2240373546555987
1.2170371410260323
1.2090368968779566
1.2030367137668998
1.1970365306558428
1.191036347544786
1.1860361949522384
1.1820360728782007
1.1780359508041627
1.1740358287301247
1.1710357371745965
1.1670356151005585
1.16403552354503
1.1610354319895018
1.1580353404339732
1.1560352793969542
1.1530351878414258
1.151035126804407
1.1500350962858976
1.149035065767388
1.1480350352488786
1.1480350352488786
1.149035065767388
1.149035065767388
1.1500350962858976
1.1500350962858976
1.151035126804407
1.151035126804407
1.1520351573229164
1.1530351878414258
1.1540352183599352
1.1550352488784448
1.1560352793969542
1.1570353099154638
1.1590353709524828
1.162035462508011
1.1650355540635395
1.168035645619068
1.1720357676931057
1.1760358897671437
1.1800360118411817
1.185036164433729
1.189036286507767
1.1940364391003142
1.1990365916928618
1.204036744285409
1.2090368968779566
1.2130370189519946
1.2180371715445417
1.2220372936185797
1.2260374156926175
1.231037568285165
1.2360377208777122
1.2410378734702598
1.246038026062807
1.250038148136845
1.2550383007293926
1.2600384533219398
1.2650386059144874
1.2700387585070345
1.2750389110995821
1.2800390636921293
1.2850392162846767
1.2890393383587144
1.294039490951262
1.2980396130252998
1.3020397350993378
1.3070398876918852
1.311040009765923
1.315040131839961
1.3180402233954893
1.3210403149510177
1.3240404065065463
1.3280405285805843
1.3310406201361125
1.3330406811731315
1.33604077272866
1.3390408642841882
1.3410409253212072
1.3430409863582262
1.3450410473952452
1.3480411389507738
1.3500411999877926
1.3520412610248116
1.3540413220618306
1.3560413830988496
1.357041413617359
1.3580414441358686
1.3600415051728874
1.3610415356913967
1.3620415662099064
1.3640416272469253
1.3650416577654347
1.3660416882839443
1.3670417188024537
1.3680417493209633
1.3680417493209633
1.3690417798394727
1.3700418103579821
1.3710418408764915
1.3720418713950011
1.3730419019135105
1.3730419019135105
1.37404193243202
1.3750419629505295
1.376041993469039
1.376041993469039
1.3770420239875485
1.378042054506058
1.378042054506058
1.3790420850245675
1.3790420850245675
1.380042115543077
1.380042115543077
1.3810421460615863
1.3820421765800959
1.3820421765800959
1.3820421765800959
1.3830422070986053
1.3830422070986053
1.3840422376171149
1.3840422376171149
1.3850422681356243
1.3850422681356243
1.3850422681356243
1.3850422681356243
1.3860422986541339
1.3860422986541339
1.3870423291726433
1.3870423291726433
1.3870423291726433
1.3870423291726433
1.3880423596911529
1.3880423596911529
1.3880423596911529
1.3880423596911529
1.3880423596911529
1.3890423902096622
1.3890423902096622
1.3890423902096622
1.3890423902096622
1.3890423902096622
1.3890423902096622
1.3900424207281719
1.3900424207281719
1.3900424207281719
1.391042451246681
1.391042451246681
1.391042451246681
1.391042451246681
1.391042451246681
1.391042451246681
1.391042451246681
1.3920424817651906
1.3920424817651906
1.3920424817651906
1.3920424817651906
1.3920424817651906
1.3920424817651906
1.3920424817651906
1.3920424817651906
1.3930425122837
1.3920424817651906
1.3920424817651906
1.3920424817651906
1.3920424817651906
1.3920424817651906
1.3930425122837
1.3930425122837
1.3930425122837
1.3930425122837
1.3930425122837
1.3930425122837
1.3930425122837
1.3930425122837
1.3940425428022096
1.3940425428022096
1.3940425428022096
1.3940425428022096
1.3930425122837
1.3930425122837
1.3940425428022096
1.3940425428022096
1.3940425428022096
1.3940425428022096
1.3940425428022096
1.3940425428022096
1.3940425428022096
1.3940425428022096
1.3940425428022096
1.3940425428022096
1.3940425428022096
1.3940425428022096
1.3940425428022096
1.3940425428022096
1.3940425428022096
1.3940425428022096
1.3940425428022096
1.3940425428022096
1.3940425428022096
1.3940425428022096
1.3940425428022096
1.3940425428022096
1.3940425428022096
1.3940425428022096
1.3940425428022096
1.395042573320719
1.395042573320719
1.3940425428022096
1.3940425428022096
1.3940425428022096
1.3940425428022096
1.3940425428022096
1.3940425428022096
1.395042573320719
1.395042573320719
1.3940425428022096
1.3940425428022096
1.3940425428022096
1.3940425428022096
1.3940425428022096
1.3940425428022096
1.3940425428022096
1.3940425428022096
1.3940425428022096
1.3940425428022096
1.3940425428022096
1.3940425428022096
1.3940425428022096
1.3940425428022096
1.395042573320719
1.3940425428022096
1.3940425428022096
1.3940425428022096
1.3940425428022096
1.3940425428022096
1.3940425428022096
1.3940425428022096
1.3940425428022096
1.3940425428022096
1.3940425428022096
1.3940425428022096
1.3940425428022096
1.3940425428022096
1.3940425428022096
1.3940425428022096
1.3940425428022096
1.3940425428022096
1.3940425428022096
1.3930425122837
1.3940425428022096
1.3940425428022096
1.3940425428022096
1.3940425428022096
1.3940425428022096
1.3930425122837
1.3930425122837
1.3930425122837
1.3940425428022096
1.3940425428022096
1.3940425428022096
1.3940425428022096
1.3940425428022096
1.3940425428022096
1.3930425122837
1.3940425428022096
1.3940425428022096
1.3940425428022096
1.3940425428022096
1.3940425428022096
1.3930425122837
1.3930425122837
1.3930425122837
1.3930425122837
1.3940425428022096
1.3940425428022096
1.3940425428022096
1.3940425428022096
1.3930425122837
1.3930425122837
1.3930425122837
1.3930425122837
1.3930425122837
1.3940425428022096
1.3930425122837
1.3930425122837
1.3930425122837
1.3930425122837
1.3930425122837
1.3930425122837
1.3930425122837
1.3940425428022096
1.3930425122837
1.3930425122837
1.3930425122837
1.3930425122837
1.3930425122837
1.3930425122837
1.3930425122837
1.3940425428022096
1.3930425122837
1.3930425122837
1.3930425122837
1.3930425122837
1.3930425122837
1.3930425122837
1.3940425428022096
1.3930425122837
1.3930425122837
1.3930425122837
1.3930425122837
1.3930425122837
1.3930425122837
1.3930425122837
1.3940425428022096
1.3930425122837
1.3930425122837
1.3930425122837
1.3930425122837
1.3930425122837
1.3930425122837
1.3940425428022096
1.3930425122837
1.3930425122837
1.3930425122837
1.3930425122837
1.3930425122837
1.3930425122837
1.3930425122837
1.3930425122837
1.3930425122837
1.3930425122837
1.3930425122837
1.3930425122837
1.3930425122837
1.3930425122837
1.3940425428022096
1.3940425428022096
1.3930425122837
1.3930425122837
1.3930425122837
1.3930425122837
