1.0390317087313454
1.1400347911008029
1.1720357676931057
1.0890332346568192
1.0520321054719688
1.1550352488784448
1.1590353709524828
1.0660325327311015
1.0600323496200446
1.1590353709524828
1.1400347911008029
1.0430318308053834
1.0720327158421583
1.16403552354503
1.1290344553971985
1.040031739249855
1.105033722952971
1.1780359508041627
1.1210342112491225
1.042031800286874
1.1270343943601795
1.1720357676931057
1.0970334788048952
1.0390317087313454
1.1380347300637839
1.1580353404339732
1.0710326853236487
1.0410317697683644
1.149035065767388
1.1520351573229164
1.0580322885830256
1.0690326242866297
1.1710357371745965
1.1480350352488786
1.0520321054719688
1.0910332956938382
1.1730357982116153
1.128034424878689
1.038031678212836
1.105033722952971
1.166035584582049
1.103033661915952
1.0280313730277413
1.1200341807306131
1.1650355540635395
1.0890332346568192
1.0430318308053834
1.1500350962858976
1.168035645619068
1.0790329294717245
1.0600323496200446
1.162035462508011
1.1530351878414258
1.0570322580645162
1.0710326853236487
1.1630354930265205
1.1320345469527269
1.0360316171758173
1.0850331125827815
1.1670356151005585
1.1200341807306131
1.0370316476943264
1.1180341196935943
1.1780359508041627
1.1110339060640277
1.0430318308053834
1.1370346995452743
1.1690356761375775
1.0870331736198005
1.1460349742118596
1.1530351878414258
1.061032380138554
1.0500320444349498
1.1560352793969542
1.14503494369335
1.0510320749534592
1.080032959990234
1.1750358592486343
1.1400347911008029
1.0470319528794212
1.103033661915952
1.1740358287301247
1.1190341502121037
1.0360316171758173
1.1170340891750847
1.16403552354503
1.0930333567308572
1.0300314340647603
1.1310345164342173
1.162035462508011
1.0790329294717245
1.0500320444349498
1.1590353709524828
1.1630354930265205
1.0680325937681203
1.0690326242866297
1.168035645619068
1.1460349742118596
1.0490320139164402
1.082033021027253
1.1650355540635395
1.1230342722861415
1.0310314645832697
1.0970334788048952
1.1670356151005585
1.1100338755455184
1.0370316476943264
1.130034485915708
1.1760358897671437
1.1000335703604236
1.046031922360912
1.147035004730369
1.1650355540635395
1.0760328379161963
1.0510320749534592
1.1540352183599352
1.147035004730369
1.0510320749534592
1.0600323496200446
1.1610354319895018
1.1370346995452743
1.044031861323893
1.044031861323893
1.0930333567308572
1.1770359202856533
1.1310345164342173
1.0430318308053834
1.1150340281380657
1.1730357982116153
1.1080338145084996
1.0360316171758173
1.128034424878689
1.162035462508011
1.082033021027253
1.0340315561387983
1.141034821619312
1.1570353099154638
1.0680325937681203
1.059032319101535
1.166035584582049
1.1560352793969542
1.0600323496200446
1.080032959990234
1.1710357371745965
1.1370346995452743
1.042031800286874
1.0940333872493668
1.166035584582049
1.1140339976195563
1.0290314035462507
1.109033845027009
1.166035584582049
1.0990335398419142
1.0390317087313454
1.141034821619312
1.1730357982116153
1.0890332346568192
1.0520321054719688
1.1550352488784448
1.1590353709524828
1.065032502212592
1.0600323496200446
1.1590353709524828
1.1400347911008029
1.0430318308053834
1.0720327158421583
1.16403552354503
1.1290344553971985
1.040031739249855
1.105033722952971
1.1780359508041627
1.1210342112491225
1.042031800286874
1.1270343943601795
1.1720357676931057
1.0970334788048952
1.0390317087313454
1.1380347300637839
1.1580353404339732
1.0710326853236487
1.0410317697683644
1.149035065767388
1.151035126804407
1.0580322885830256
1.0690326242866297
1.1710357371745965
1.1480350352488786
1.0520321054719688
1.0910332956938382
1.1730357982116153
1.128034424878689
1.038031678212836
1.105033722952971
1.166035584582049
1.103033661915952
1.0280313730277413
1.1200341807306131
1.16403552354503
1.08803320413831
1.0430318308053834
1.1500350962858976
1.168035645619068
1.0780328989532153
1.059032319101535
1.162035462508011
1.1530351878414258
1.0560322275460068
1.0700326548051393
1.1630354930265205
1.1310345164342173
1.0360316171758173
1.084033082064272
1.166035584582049
1.1190341502121037
1.0370316476943264
1.1180341196935943
1.1770359202856533
1.1100338755455184
1.0430318308053834
1.1370346995452743
1.1690356761375775
1.086033143101291
1.044031861323893
1.1460349742118596
1.1520351573229164
1.0600323496200446
1.0500320444349498
1.1550352488784448
1.14503494369335
1.0500320444349498
1.080032959990234
1.1750358592486343
1.1400347911008029
1.0470319528794212
1.103033661915952
1.1740358287301247
1.1180341196935943
1.0360316171758173
1.1170340891750847
1.16403552354503
1.0930333567308572
1.0300314340647603
1.1310345164342173
1.1610354319895018
1.0780328989532153
1.0500320444349498
1.1590353709524828
1.1630354930265205
1.0680325937681203
1.0690326242866297
1.1670356151005585
1.14503494369335
1.0480319833979308
1.2630385448774684
1.5230464796899321
1.4860453505050812
1.41204309213538
1.4650447096163823
1.5240465102084415
1.475045014801477
1.416043214209418
1.4920455336161382
1.439043916135136
1.1060337534714806
1.046031922360912
1.147035004730369
1.16403552354503
1.0750328073976867
1.0510320749534592
1.1540352183599352
1.1460349742118596
1.0510320749534592
1.061032380138554
1.1610354319895018
1.1370346995452743
1.044031861323893
1.0930333567308572
1.1770359202856533
1.130034485915708
1.0430318308053834
1.1150340281380657
1.1730357982116153
1.1080338145084996
1.0360316171758173
1.128034424878689
1.162035462508011
1.082033021027253
1.0340315561387983
1.141034821619312
1.1570353099154638
1.0680325937681203
1.059032319101535
1.166035584582049
1.1560352793969542
1.059032319101535
1.080032959990234
1.1710357371745965
1.1370346995452743
1.0430318308053834
1.0940333872493668
1.166035584582049
1.1130339671010467
1.0290314035462507
1.109033845027009
1.166035584582049
1.0990335398419142
1.0390317087313454
1.141034821619312
1.1720357676931057
1.0890332346568192
1.0520321054719688
1.1560352793969542
1.1590353709524828
1.065032502212592
1.061032380138554
1.1590353709524828
1.1390347605822932
1.0430318308053834
1.0730327463606677
1.1650355540635395
1.1290344553971985
1.040031739249855
1.1060337534714806
1.1780359508041627
1.1210342112491225
1.042031800286874
1.1270343943601795
1.1720357676931057
1.0970334788048952
1.0390317087313454
1.1380347300637839
1.1580353404339732
1.0710326853236487
1.0410317697683644
1.149035065767388
1.1520351573229164
1.0580322885830256
1.0690326242866297
1.1720357676931057
1.1480350352488786
1.0520321054719688
1.0920333262123478
1.1730357982116153
1.128034424878689
1.038031678212836
1.1060337534714806
1.166035584582049
1.103033661915952
1.0280313730277413
1.1210342112491225
1.16403552354503
1.08803320413831
1.0430318308053834
1.151035126804407
1.168035645619068
1.0780328989532153
1.059032319101535
1.162035462508011
1.1520351573229164
1.0550321970274972
1.0700326548051393
1.1630354930265205
1.1310345164342173
1.0360316171758173
1.084033082064272
1.166035584582049
1.1190341502121037
1.0370316476943264
1.1180341196935943
1.1770359202856533
1.1100338755455184
1.0430318308053834
1.1380347300637839
1.1690356761375775
1.086033143101291
1.044031861323893
1.147035004730369
1.1530351878414258
1.0600323496200446
1.0500320444349498
1.1560352793969542
1.14503494369335
1.0500320444349498
1.0810329905087435
1.1750358592486343
1.1400347911008029
1.0470319528794212
1.1040336924344616
1.1740358287301247
1.1180341196935943
1.0360316171758173
1.1180341196935943
1.16403552354503
1.0930333567308572
1.0300314340647603
1.1320345469527269
1.1610354319895018
1.0780328989532153
1.0500320444349498
1.1590353709524828
1.162035462508011
1.0680325937681203
1.0690326242866297
1.168035645619068
1.14503494369335
1.0480319833979308
1.082033021027253
1.166035584582049
1.1230342722861415
1.0310314645832697
1.0970334788048952
1.1670356151005585
1.109033845027009
1.0370316476943264
1.130034485915708
1.1750358592486343
1.0990335398419142
1.046031922360912
1.147035004730369
1.16403552354503
1.0750328073976867
1.0520321054719688
1.1540352183599352
1.1460349742118596
1.0510320749534592
1.061032380138554
1.1610354319895018
1.1370346995452743
1.044031861323893
1.0930333567308572
1.1770359202856533
1.130034485915708
1.0430318308053834
1.1150340281380657
1.1730357982116153
1.10703378398999
1.0360316171758173
1.128034424878689
1.1610354319895018
1.0810329905087435
1.0340315561387983
1.141034821619312
1.1560352793969542
1.067032563249611
1.0580322885830256
1.166035584582049
1.1550352488784448
1.0580322885830256
1.080032959990234
1.1710357371745965
1.1360346690267649
1.0410317697683644
1.0930333567308572
1.1650355540635395
1.1120339365825374
1.0280313730277413
1.109033845027009
1.166035584582049
1.0980335093234048
1.038031678212836
1.1400347911008029
1.1720357676931057
1.08803320413831
1.0520321054719688
1.1550352488784448
1.1590353709524828
1.0640324716940825
1.0600323496200446
1.1590353709524828
1.1380347300637839
1.042031800286874
1.0720327158421583
1.16403552354503
1.128034424878689
1.0390317087313454
1.1060337534714806
1.1770359202856533
1.1200341807306131
1.0410317697683644
1.1270343943601795
1.1710357371745965
1.0960334482863858
1.0390317087313454
1.1380347300637839
1.1570353099154638
1.0700326548051393
1.0410317697683644
1.149035065767388
1.151035126804407
1.0570322580645162
1.0690326242866297
1.1710357371745965
1.147035004730369
1.0510320749534592
1.0920333262123478
1.1730357982116153
1.1270343943601795
1.038031678212836
1.1060337534714806
1.1650355540635395
1.1020336313974426
1.0280313730277413
1.1200341807306131
1.1630354930265205
1.0870331736198005
1.042031800286874
1.1500350962858976
1.1670356151005585
1.0760328379161963
1.059032319101535
1.1610354319895018
1.151035126804407
1.0550321970274972
1.0700326548051393
1.162035462508011
1.130034485915708
1.0350315866573077
1.084033082064272
1.1650355540635395
1.1180341196935943
1.0360316171758173
1.1180341196935943
1.1760358897671437
1.109033845027009
1.042031800286874
1.1370346995452743
1.168035645619068
1.0850331125827815
1.0430318308053834
1.1460349742118596
1.151035126804407
1.059032319101535
1.0500320444349498
1.1550352488784448
1.143034882656331
1.0490320139164402
1.080032959990234
1.1740358287301247
1.1380347300637839
1.046031922360912
1.103033661915952
1.1730357982116153
1.1170340891750847
1.0350315866573077
1.1170340891750847
1.1630354930265205
1.0910332956938382
1.0290314035462507
1.1310345164342173
1.1600354014709922
1.0770328684347057
1.0500320444349498
1.1590353709524828
1.1610354319895018
1.067032563249611
1.0690326242866297
1.1670356151005585
1.1440349131748406
1.0470319528794212
1.2990396435438092
1.5220464491714225
1.4850453199865719
1.4110430616168708
1.4650447096163823
1.5230464796899321
1.4740449842829677
1.416043214209418
1.4920455336161382
1.4000427259132666
1.103033661915952
1.046031922360912
1.147035004730369
1.16403552354503
1.0740327768791773
1.0510320749534592
1.1530351878414258
1.14503494369335
1.0500320444349498
1.061032380138554
1.1600354014709922
1.1360346690267649
1.0430318308053834
1.0930333567308572
1.1760358897671437
1.1290344553971985
1.042031800286874
1.1150340281380657
1.1720357676931057
1.1060337534714806
1.0360316171758173
1.128034424878689
1.1600354014709922
1.0810329905087435
1.0340315561387983
1.141034821619312
1.1560352793969542
1.0660325327311015
1.0580322885830256
1.166035584582049
1.1540352183599352
1.0580322885830256
1.080032959990234
1.170035706656087
1.1360346690267649
1.0410317697683644
1.0940333872493668
1.1650355540635395
1.1120339365825374
1.0280313730277413
1.109033845027009
1.1650355540635395
1.0980335093234048
1.038031678212836
1.1400347911008029
1.1710357371745965
1.0870331736198005
1.0520321054719688
1.1550352488784448
1.1580353404339732
1.0640324716940825
1.0600323496200446
1.1590353709524828
1.1380347300637839
1.0410317697683644
1.0720327158421583
1.16403552354503
1.1270343943601795
1.038031678212836
1.105033722952971
1.1770359202856533
1.1190341502121037
1.0410317697683644
1.1270343943601795
1.1710357371745965
1.0960334482863858
1.038031678212836
1.1380347300637839
1.1570353099154638
1.0690326242866297
1.0410317697683644
1.149035065767388
1.1500350962858976
1.0570322580645162
1.0690326242866297
1.1710357371745965
1.147035004730369
1.0510320749534592
1.0920333262123478
1.1730357982116153
1.1270343943601795
1.0370316476943264
1.1060337534714806
1.1650355540635395
1.1020336313974426
1.0270313425092317
1.1210342112491225
1.1630354930265205
1.0870331736198005
1.0430318308053834
1.151035126804407
1.1670356151005585
1.0770328684347057
1.0600323496200446
1.162035462508011
1.1520351573229164
1.0550321970274972
1.0710326853236487
1.1630354930265205
1.130034485915708
1.0350315866573077
1.0850331125827815
1.166035584582049
1.1180341196935943
1.0360316171758173
1.1180341196935943
1.1770359202856533
1.109033845027009
1.042031800286874
1.1380347300637839
1.168035645619068
1.0850331125827815
1.044031861323893
1.147035004730369
1.1520351573229164
1.059032319101535
1.0500320444349498
1.1560352793969542
1.143034882656331
1.0480319833979308
1.080032959990234
1.1740358287301247
1.1380347300637839
1.0450318918424024
1.103033661915952
1.1720357676931057
1.1160340586565753
1.0350315866573077
1.1160340586565753
1.1630354930265205
1.0900332651753288
1.0290314035462507
1.1310345164342173
1.1600354014709922
1.0760328379161963
1.0490320139164402
1.1580353404339732
1.1600354014709922
1.0660325327311015
1.0690326242866297
1.166035584582049
1.1440349131748406
1.046031922360912
1.0810329905087435
1.16403552354503
1.1210342112491225
1.0290314035462507
1.0960334482863858
1.1650355540635395
1.10703378398999
1.0360316171758173
1.1290344553971985
1.1740358287301247
1.0970334788048952
1.0450318918424024
1.147035004730369
1.1630354930265205
1.0730327463606677
1.0510320749534592
1.1530351878414258
1.14503494369335
1.0490320139164402
1.0600323496200446
1.1600354014709922
1.1350346385082553
1.042031800286874
1.0930333567308572
1.1760358897671437
1.128034424878689
1.042031800286874
1.1150340281380657
1.1720357676931057
1.1060337534714806
1.0350315866573077
1.128034424878689
1.1600354014709922
1.080032959990234
1.0340315561387983
1.1400347911008029
1.1550352488784448
1.0660325327311015
1.0580322885830256
1.1650355540635395
1.1540352183599352
1.0570322580645162
1.080032959990234
1.170035706656087
1.1350346385082553
1.0410317697683644
1.0940333872493668
1.1650355540635395
1.1110339060640277
1.0280313730277413
1.109033845027009
1.1650355540635395
1.0970334788048952
1.038031678212836
1.141034821619312
1.1710357371745965
1.086033143101291
1.0510320749534592
1.1550352488784448
1.1580353404339732
1.063032441175573
1.0600323496200446
1.1580353404339732
1.1380347300637839
1.0410317697683644
1.0720327158421583
1.1630354930265205
1.1270343943601795
1.038031678212836
1.105033722952971
1.1760358897671437
1.1180341196935943
1.0410317697683644
1.12603436384167
1.170035706656087
1.0950334177678762
1.038031678212836
1.1370346995452743
1.1560352793969542
1.0690326242866297
1.0410317697683644
1.1480350352488786
1.149035065767388
1.0560322275460068
1.0690326242866297
1.1710357371745965
1.1460349742118596
1.0500320444349498
1.0910332956938382
1.1720357676931057
1.12603436384167
1.0370316476943264
1.105033722952971
1.16403552354503
1.101033600878933
1.0270313425092317
1.1210342112491225
1.1630354930265205
1.0870331736198005
1.0430318308053834
1.1500350962858976
1.166035584582049
1.0760328379161963
1.059032319101535
1.162035462508011
1.151035126804407
1.0540321665089878
1.0700326548051393
1.162035462508011
1.1290344553971985
1.0340315561387983
1.084033082064272
1.1650355540635395
1.1170340891750847
1.0360316171758173
1.1180341196935943
1.1760358897671437
1.1080338145084996
1.042031800286874
1.1370346995452743
1.1670356151005585
1.084033082064272
1.0430318308053834
1.1460349742118596
1.151035126804407
1.0580322885830256
1.0500320444349498
1.1550352488784448
1.1420348521378216
1.0480319833979308
1.0810329905087435
1.1740358287301247
1.1370346995452743
1.0450318918424024
1.103033661915952
1.1720357676931057
1.1160340586565753
1.0350315866573077
1.1170340891750847
1.1630354930265205
1.0900332651753288
1.0290314035462507
1.1310345164342173
1.1590353709524828
1.0750328073976867
1.0490320139164402
1.1580353404339732
1.1600354014709922
1.0660325327311015
1.0690326242866297
1.1670356151005585
1.143034882656331
1.046031922360912
1.3420409558397168
1.5210464186529131
1.4840452894680625
1.4100430310983612
1.4650447096163823
1.5220464491714225
1.4720449232459487
1.4150431836909085
1.4920455336161382
1.3720418713950011
1.1000335703604236
1.0450318918424024
1.147035004730369
1.1630354930265205
1.0730327463606677
1.0510320749534592
1.1530351878414258
1.1440349131748406
1.0490320139164402
1.0600323496200446
1.1600354014709922
1.1350346385082553
1.042031800286874
1.0930333567308572
1.1760358897671437
1.128034424878689
1.042031800286874
1.1160340586565753
1.1720357676931057
1.105033722952971
1.0350315866573077
1.128034424878689
1.1600354014709922
1.080032959990234
1.0340315561387983
1.141034821619312
1.1550352488784448
1.0660325327311015
1.059032319101535
1.166035584582049
1.1540352183599352
1.0570322580645162
1.080032959990234
1.1710357371745965
1.1350346385082553
1.0410317697683644
1.0940333872493668
1.1650355540635395
1.1110339060640277
1.0270313425092317
1.109033845027009
1.1650355540635395
1.0970334788048952
1.038031678212836
1.141034821619312
