24.3125
24.375
24.375
24.4375
24.375
24.4375
24.4375
25.0625
25.75
26.875
27.1875
27.75
27.9375
28.25
28.375
28.6875
28.8125
29.0
29.125
29.3125
29.375
29.5
29.625
29.75
29.875
30.0
30.125
30.25
30.3125
30.375
30.5625
30.625
30.75
30.8125
30.9375
31.0625
31.125
31.1875
31.1875
31.3125
31.4375
31.5
31.5625
31.6875
31.75
31.75
31.875
31.9375
31.9375
31.6875
31.75
32.0
32.1875
32.375
32.375
32.4375
32.3125
32.375
32.625
32.8125
33.0625
33.125
33.3125
33.375
33.5625
33.5625
33.6875
33.8125
33.875
34.0
34.0625
34.125
34.1875
34.3125
34.4375
34.5
34.5625
34.625
34.75
34.875
34.9375
35.0625
35.0625
35.125
35.25
35.3125
35.375
35.4375
35.5
35.5625
35.6875
35.6875
35.8125
35.8125
35.9375
36.0
36.0
36.125
36.125
36.25
36.25
36.375
36.375
36.4375
36.4375
36.5625
36.625
36.625
36.6875
36.75
36.8125
36.875
36.9375
37.0
37.0
37.0625
37.0625
37.1875
37.1875
37.25
37.3125
37.3125
37.375
37.4375
37.4375
37.5
37.5625
37.625
37.625
37.75
37.6875
37.75
37.8125
37.8125
37.875
37.875
37.9375
37.9375
38.0
38.0
38.0625
38.0625
38.125
38.125
38.1875
38.1875
38.25
38.25
38.3125
38.375
38.375
38.375
38.4375
38.4375
38.5
38.5
38.5625
38.5625
38.625
38.625
38.6875
38.75
38.75
38.75
38.8125
38.8125
38.875
38.875
38.875
38.9375
39.0
38.9375
39.0
38.9375
39.0
39.0625
39.0625
39.0625
39.1875
39.125
39.125
39.125
39.1875
39.1875
39.1875
39.1875
39.25
39.25
39.25
39.3125
39.3125
39.3125
39.3125
39.3125
39.375
39.3125
39.3125
39.3125
39.3125
39.375
39.4375
39.4375
39.4375
39.4375
39.4375
39.5
39.125
38.8125
38.5
38.0625
37.6875
37.5625
37.4375
37.1875
37.125
36.9375
36.875
36.6875
36.625
36.5625
36.4375
36.375
36.25
36.1875
36.0625
36.0
35.8125
35.8125
35.6875
35.625
35.625
35.4375
35.4375
35.25
35.1875
35.125
35.0625
34.9375
34.875
34.8125
34.6875
34.5625
34.5
34.4375
34.3125
34.25
34.125
34.0625
33.9375
33.875
33.8125
33.8125
33.75
33.75
33.6875
33.5625
33.5
33.4375
33.375
33.25
33.25
33.0625
33.0
33.0
32.875
32.875
32.75
32.75
32.625
32.5625
32.5625
32.4375
32.375
32.25
32.3125
32.25
32.1875
32.0625
32.0
32.0
31.9375
31.9375
31.8125
31.75
31.75
31.625
31.5625
31.5625
31.5
31.4375
31.4375
31.375
31.3125
31.25
31.25
31.125
31.0
31.0
30.9375
30.9375
30.8125
30.8125
30.75
30.75
30.6875
30.625
30.625
30.5625
30.5625
30.5
30.4375
30.4375
30.375
30.3125
30.25
30.1875
30.125
30.125
30.0625
30.0
30.0
30.0
29.9375
29.9375
29.875
29.8125
29.75
29.8125
29.6875
29.6875
29.625
29.625
29.625
29.5625
29.5
29.5
29.4375
29.4375
29.375
29.3125
29.3125
29.3125
29.25
29.25
29.1875
29.125
29.0625
29.0
29.0
28.9375
28.9375
28.9375
28.9375
28.875
28.875
28.8125
28.8125
28.75
28.6875
28.6875
28.6875
28.625
28.625
28.625
28.5625
28.5
28.5
28.4375
28.4375
28.4375
28.375
28.3125
28.3125
28.3125
28.3125
28.25
28.25
28.1875
28.1875
28.125
28.125
28.0625
28.0625
28.0625
28.0
28.0
27.9375
27.9375
27.875
27.875
27.875
27.8125
27.8125
27.75
27.6875
27.6875
27.75
27.625
27.625
27.625
27.625
27.5625
27.5625
27.5625
27.5
27.5
27.4375
27.4375
27.4375
27.4375
27.375
27.375
27.3125
27.3125
27.3125
27.3125
27.25
27.25
27.25
27.1875
27.1875
27.1875
27.1875
27.125
27.125
27.125
27.0625
27.0625
27.0625
27.0625
27.0
27.0625
27.0
26.9375
26.9375
26.9375
26.875
26.875
26.875
26.8125
26.875
26.8125
26.8125
26.8125
26.75
26.75
26.75
26.75
26.6875
26.6875
26.6875
26.625
26.6875
26.625
26.625
26.625
26.625
26.5625
26.5625
26.5
26.5
26.4375
26.4375
26.375
26.4375
26.375
26.3125
26.3125
26.3125
26.3125
26.3125
26.3125
26.25
26.3125
26.25
26.25
26.25
26.25
26.1875
26.1875
26.1875
26.1875
26.125
26.125
26.0625
26.0625
26.0625
26.0625
26.0625
26.0
26.0
26.0
25.9375
26.0
25.9375
25.9375
25.9375
25.9375
25.875
25.875
25.8125
25.8125
25.8125
25.875
25.8125
25.8125
25.8125
25.8125
25.8125
25.8125
25.8125
25.75
25.75
25.75
25.75
25.75
25.75
25.6875
25.6875
25.625
25.625
25.6875
25.625
25.625
25.625
25.625
25.625
25.5625
25.5625
25.5625
25.5625
25.5625
25.5
25.5625
25.5
25.5
25.5
25.5
25.4375
25.4375
25.4375
25.4375
25.4375
25.4375
25.4375
25.4375
25.4375
25.375
25.375
25.375
25.375
25.375
25.3125
25.375
25.3125
25.3125
25.3125
25.3125
25.3125
25.3125
25.3125
25.3125
25.25
25.25
25.25
25.25
25.25
25.25
25.25
25.1875
25.1875
25.1875
25.1875
25.1875
25.125
25.125
25.1875
25.1875
25.125
25.0625
25.0625
25.0625
25.125
25.0625
25.0625
25.0625
25.0625
25.0625
25.0625
25.0625
25.0625
25.0625
25.0625
25.0625
25.0
25.0
25.0
25.0
25.0
25.0625
24.9375
24.9375
25.0
25.0
24.9375
24.9375
24.9375
25.0
24.9375
24.9375
24.9375
24.9375
25.0
24.9375
24.875
24.875
24.9375
24.9375
24.9375
24.9375
24.875
24.875
24.875
24.875
24.8125
24.875
24.875
24.875
24.8125
24.8125
24.8125
24.8125
24.75
24.75
24.8125
24.8125
24.8125
24.8125
24.75
24.75
24.75
24.75
24.75
24.75
24.6875
24.6875
24.75
24.6875
24.6875
24.6875
24.6875
24.6875
24.625
24.6875
24.6875
24.625
24.6875
24.625
24.625
24.5625
24.625
24.5625
24.625
24.5625
24.625
24.5625
24.5625
24.5625
24.5625
24.5625
24.5
24.5
24.5
24.5
24.5625
24.5
24.5
24.5
24.5
24.4375
24.5
24.4375
24.5
24.4375
24.4375
24.4375
24.5
24.4375
24.4375
24.4375
24.4375
24.5
24.4375
24.4375
24.4375
24.375
24.375
24.4375
24.375
24.375
24.375
24.375
24.375
24.4375
24.3125
24.375
24.375
24.375
24.375
24.3125
24.3125
24.3125
24.3125
24.375
24.3125
24.375
24.3125
24.3125
24.3125
24.3125
24.3125
24.3125
24.3125
24.3125
24.3125
24.3125
24.3125
24.25
24.25
24.3125
24.25
24.3125
24.25
24.25
24.25
24.3125
24.25
24.25
24.25
24.3125
24.25
24.25
24.3125
24.25
24.25
24.25
24.1875
24.25
24.25
24.25
24.1875
24.1875
24.1875
24.1875
24.1875
24.1875
24.1875
24.1875
24.1875
24.1875
24.1875
24.1875
24.125
24.1875
24.1875
24.125
24.1875
24.1875
24.1875
24.1875
24.1875
24.1875
24.125
24.1875
24.1875
24.125
24.125
24.125
24.125
24.0625
24.125
24.125
24.125
24.125
24.125
24.0625
24.125
24.125
24.0625
24.0625
24.0625
24.0625
24.0625
24.0625
24.0625
24.0625
24.0625
24.0625
24.0625
24.0625
24.0625
24.0625
24.0625
24.0625
24.0625
24.0625
24.0625
24.0
24.0
24.0
24.0
24.0
24.0
24.0
24.0
24.0
24.0
24.0625
