0.2267814509996242
0.4227197130003333
0.8902798270009953
1.255294700000377
1.6229444430009607
2.0009997230008594
2.3463169440001366
2.73995607300094
3.103349381000953
3.4867800350002653
3.9010138409994397
4.265019407001091
4.671164391000275
5.0336128390008525
5.428001100999609
5.782175185000597
6.1339406259994576
6.535158988999683
6.883721153999431
7.268014130000665
7.621325874000831
7.972800178000398
8.366885450001064
8.718031540000084
9.115237641999556
9.46712421600023
9.819166147000942
10.227376189999632
10.58291772099983
10.947505821999584
11.35631410499991
11.707736055001078
12.075153478001084
12.498898092000672
12.849970995001058
13.24085223200018
13.587068238999564
13.976539751000018
14.39497084300092
14.770805468000617
15.156017303001136
15.508230499001002
15.863799012000527
16.2674664999995
16.61901869600115
17.016927262000536
17.37116595900079
17.730760661001113
18.14367606000087
18.495527690000017
18.856441095000264
19.261550477000128
19.607150207000814
19.969041567001113
20.386280978000286
20.738462432000233
21.12389590299972
21.47189277600046
21.820003670000006
22.227809998999874
22.581982121000692
22.96032546599963
23.304563027999393
23.65443219500048
24.056979262999448
24.405108602000837
24.786743206999745
25.135981429999447
25.48348901099962
25.885283372999766
26.23571690800054
26.60891440300111
26.960952428000382
27.30736582999998
27.704772455999773
28.05479023800035
28.445617141000184
28.842326506999598
29.224146544000178
29.63687145699987
29.98781615400003
30.385742370001026
30.74196975400082
31.09923881600116
31.50828038399959
31.860768422000547
32.22192376100065
32.63532791599937
32.98383711799943
33.34621562199936
33.760136810000404
34.111886492999474
34.48845489899941
34.90365203100009
35.25267913700009
35.63094698100031
35.97711985800015
36.332793744999435
36.72572676399977
37.07204047800042
37.45866041000045
37.805222983999556
38.15438527900005
38.555569569
38.90506398500111
39.334674415000336
39.695035194999946
40.11050385300041
40.470375545000934
40.82906809199994
41.24970336000115
41.608979182999974
41.989348160999725
42.41652359600084
42.779581525999674
43.18526648099942
43.539932526000484
43.95510089799973
44.3183194810008
44.68420310300098
45.094826234999346
45.45165582200025
45.85643571500077
46.20768288399995
46.57629088000067
46.97833467599958
47.33613442100068
47.737485920000836
48.100660871999935
48.48979915400014
48.85090836299969
49.2060468840009
49.606306888999825
49.96432400999947
50.362056721000044
50.71713996300059
51.08384972000022
51.50081827299982
51.85368722900057
52.23051303200009
52.58415456700095
52.93747973999962
53.33683121899958
53.68731283099987
54.10046170100031
54.45183552300114
54.80874359399968
55.22105634900072
55.571977601999606
55.92991303599956
56.33968142199956
56.68748938399949
57.05423764199986
57.460517022000204
57.80388511599995
58.16624854600013
58.57372742299958
58.93938689100105
59.30347475900089
59.70591047400012
60.05122101300003
60.439968783999575
60.7880763280009
61.135880085999815
61.526874143000896
61.87089188600112
62.27547693999986
62.62709858400012
62.97303097400072
63.356460576000245
63.707047264999346
64.1016480720009
64.4514233860009
64.79986527300025
65.20163528500052
65.55096351199973
65.89953771699948
66.27703746599946
66.62412285199935
67.0092694470004
67.35673108400078
67.7058022479996
68.09810728699995
68.44671312299943
68.85445771200102
69.21728343299947
69.59164488900024
70.00875609499963
70.36510872500003
70.77669670100113
71.13574779600094
71.49444651200065
71.90311583000039
72.2523631109998
72.60377721199984
73.02122900200084
73.37333815999955
73.74531271500018
74.10112664400003
74.45150405000095
74.86498089300039
75.21819461999985
75.6013068430002
75.95322010600103
76.30886891999944
76.72812603900093
77.07590105599957
77.46972025000105
77.81858494500011
78.1890372350008
78.6203086580008
78.97275638100109
79.338905179
79.68534875000114
80.03809401900071
80.44598074100031
80.79535409900018
81.19113020000077
81.54192222900019
81.89310513800046
82.27633347600022
82.64000107299944
83.03939086900027
83.39395217099991
83.76130502100023
84.18644867799958
84.53728583700104
84.91017771500083
85.25416001300073
85.598952241
85.99781954100035
86.34262180699989
86.71710732300016
87.12518832800015
87.46990335100054
87.85781717300051
88.21787881700038
88.56943931100068
88.94173472799957
89.2956549749997
89.67340612000044
90.02628237399949
90.43131890500081
90.78328005900039
91.14211426000111
91.55271117099983
91.90355240400095
92.25870857500013
92.67018482499952
93.01960325900109
93.39021351700103
93.82437654100067
94.17629430499983
94.56281497700002
94.91000410699962
95.25801642700026
95.653965255
96.00415352600066
96.39216790700084
96.75590195100085
97.10804425900096
97.4855721010008
97.83466432299974
98.21772063699973
98.56846351599961
98.92787030799991
99.30702045600083
99.65899272200113
100.05285449099938
100.4026140269998
100.75101356199957
101.13052325699937
101.47658292900087
101.86147535199962
102.20867388900115
102.55690543799938
102.96906294899964
103.32360417600103
103.724558721
104.07669280600021
104.46104906500113
104.80686571200022
105.15253429900076
105.55266704300084
105.90490744599992
106.43779260500014
106.93366073200013
107.36469435300023
107.74645261200021
108.15090381099981
108.52846522900109
108.93572943500112
109.28775885100004
109.63993701099935
110.05193888800022
110.43930225099939
110.94840475400088
111.32241025599978
111.70550436800113
112.06103306800105
112.49066655699971
112.84269704700091
113.23826530900078
113.6182126650001
113.99206577400037
114.4177356500004
114.77456944299956
115.15953499699935
115.5276279059999
115.8787769999999
116.27177070800099
116.6483432469995
117.04996008799935
117.41426405600032
117.83235801299998
118.22319853000045
118.62477307399968
118.99597555299988
119.36019672200018
119.77478841300035
120.1793679500006
120.5788812690007
120.92761101699944
121.32236962699972
121.7087674810009
122.07151453500046
122.49585076199946
122.85143201900064
123.22548330100108
123.57529789399996
123.92546001700066
124.33812795000085
124.6887942530011
125.08653287299967
125.45744897300028
125.84290070799943
126.20546957099941
126.55769071500072
126.97084749500027
127.32901223299996
127.72803072299939
128.08753270300076
128.44946795599935
128.85412003199963
129.20339059199978
129.55884943800083
129.9654286620007
130.31471425900054
130.6724455399999
131.08788090400049
131.44400523200056
131.83084584000062
132.19315010299943
132.54335678200005
132.93601411000054
133.28621351199945
133.67670833400007
134.02645896300055
134.40299920399957
134.811616985
135.1704332240006
135.5341604719997
135.94523685999957
136.29550030000064
136.66053469600047
137.07207731900053
137.43071047800004
137.82568526100113
138.17720208900028
138.52483501000097
138.90332382499946
139.25174812000114
139.6562700810009
140.01144688299973
140.38409379100085
140.79927605500052
141.15871349600093
141.552795865
141.91168479100088
142.35488762800014
142.72790417599936
143.08068065100088
143.46777122800086
143.81162983800095
144.19496382800025
144.55662831399968
144.9231123440004
145.27725461599948
145.6208687010003
146.04262446600114
146.394593084
146.78236470000047
147.1306275650004
147.49481662200014
147.90067188099965
148.25370106599985
148.6383611860001
149.0002281220004
149.35256399100035
149.7536022610002
150.16865674400105
150.54158825299965
150.88952205299938
151.259725281001
151.62352551299955
151.9867084489997
152.3912714119997
152.74038778199974
153.13985587800016
153.49374934700063
153.8601122630007
154.29849607399956
154.6566254600002
155.05583667800056
155.41074615700018
155.89479865300018
156.2543559500009
156.65738931399937
157.01598023100087
157.37284543200076
157.7888473309995
158.14236021500074
158.51108786400073
158.9340954979998
159.28987485400103
159.68627684500098
160.09403099100018
160.49135422899963
160.84455090099982
161.1972007050008
161.5863974719996
161.93746674999966
162.32732994400067
162.67847579800036
163.03480061400114
163.42015675400035
163.80723816499994
164.2224197989999
164.5932646199999
164.98270207899986
165.3611150960005
165.77079446300013
166.132069882
166.5245272789998
166.93495751900082
167.31561719300043
167.72730682099973
168.09250066599998
168.50532671499968
168.85478279900053
169.20330250500047
169.60051270300028
169.96518864500104
170.31160510600057
170.73142550100056
171.1005572360009
171.51933115800057
171.8793711720009
172.2965945119995
172.66170993000014
173.07990198300104
173.4290484840003
173.80648808499973
174.2153729290003
174.58143446600116
174.97793905199978
175.3284794810006
175.68566997000016
176.0889941940004
176.44091844099967
176.79222579899943
177.2170880419999
177.59263507000105
178.00248309000017
178.3581324429997
178.7152456879994
179.06551688800027
179.4268820319994
179.84791327700077
180.21260651600096
180.60608234900064
180.9575009149994
181.31170078200012
181.709420606001
182.0580249070008
182.4789505560002
182.83492071399996
183.19777782600067
183.60441518100015
183.9532395440001
184.33045054499962
184.68876314000045
185.04860866700074
185.44327066299957
185.79476815700036
186.19843857600063
186.55650749699998
186.91808568499982
187.32876734000092
187.67603610200058
188.03771544099982
188.46695617800106
188.82895047000056
189.22758226400038
189.57751517699944
189.92743029200028
190.34128114800114
190.68830512600107
191.0403656920007
191.489773057001
191.85008931999982
192.2492807409999
192.6258382800006
193.00772404300005
193.36768205500084
193.73044579499947
194.1565004969998
194.5202563389994
194.8946379450008
195.32980368400058
195.68885167000008
196.09315703299944
196.4538717510004
196.8188839430004
197.2348116180001
197.67356044000007
198.07838392800113
198.4322167850005
198.8305087179997
199.18752362800114
199.5467997680007
199.9549386660001
200.30961710200063
200.69825242800107
201.1129671790004
201.47306065700104
201.8870961850007
202.25422486299976
202.62731608099966
202.9891035340006
203.34217266499945
203.7426061770002
204.1142309650004
204.53750977399977
204.89684273100102
205.32346374500048
205.71405873799995
206.191451693001
206.60992181000074
207.06901313600065
207.50278527900082
207.90575254900068
208.4016226399999
208.84777072699944
209.25197666200074
209.62912706899988
210.0280132780008
210.38376700400113
210.735933887001
211.11081082199962
211.45488364300036
211.82890846100054
212.1775930599997
212.53955527700055
212.89397194699995
213.24216325400084
213.63556425200113
213.99935265000022
214.3951729950004
214.75480246000006
215.12709230400105
215.54449994599963
215.89796266200028
216.2881000489997
216.64159271100107
216.9964083550003
217.38459285300087
217.7365592669994
218.14720475499962
218.50112478099982
218.87454463699942
219.2912414450002
219.64523999099947
220.0670647219995
220.42805665200103
220.8055033820001
221.15688627999953
221.52959637599997
221.93237632599994
222.27919476100033
222.66996962899975
223.0282773529998
223.3846784489997
223.82998734600005
224.18129250200036
224.5651331730005
224.9128247990011
225.3825376670011
225.81019623000066
226.22547955200025
226.58904524100035
227.0040251290011
227.35950890300046
227.75270524699954
228.10204218000035
228.61231666099957
228.9889912210001
229.39829450400066
229.75754973699986
230.17452564499945
230.54343368800073
230.91990857600103
231.30389614100022
231.677122770001
232.05896529200072
232.4107182000007
232.79467378200025
233.1418811170006
233.49967306799954
233.8947713359994
234.244420463001
234.59110458000032
234.97550174800017
235.32309703899955
235.79314608200002
236.15954418399997
236.5264301520001
236.88053073899937
237.2733695170009
237.6210500319994
237.9825320130003
238.39672826800052
238.86504387400055
239.2957759130004
239.64811967199967
240.00869916400006
240.3640295999994
240.71163753899964
241.13188928099953
241.51386975100104
241.96763046200067
242.38508686500063
242.84211228000095
243.2653546620004
243.67029330200057
244.0273942519998
244.45614101200044
244.860514729
245.24869156000022
245.69418624100035
246.11272621100034
246.47403055799987
246.8936236139998
247.26933668399943
247.6557482799999
248.00390330899972
248.35588150200056
248.71487389399954
249.061464841001
249.4491656400005
249.82335005599998
250.22119986600046
250.63588391200028
250.99099274900072
251.39801685600105
251.74497498100027
252.094975729
252.52224053999998
252.8709841960008
253.22995542100034
253.57951504499943
253.93783654800063
254.34925844600002
254.7013884400003
255.0653516020011
255.48693947399988
255.83788980499958
256.22936035900057
256.5931091269995
256.9810091170002
257.34648391500014
257.7078587449996
258.1145098779998
258.46932602200104
258.84345097299956
259.19893209899965
259.5587036050001
259.96150570400096
260.32287583000107
260.7306392720002
261.093896452001
261.47478450200106
261.8491097370006
262.21255132900114
262.62478326900055
262.98831269699986
263.35542104200067
263.76204752600097
264.1119887730001
264.4708320310001
264.8799514380007
265.2271580510005
265.62687961700067
265.9903695440007
266.3569514110004
266.74540030500066
267.092649401
267.48189805900074
267.84919316800006
268.21977042599974
268.63130821699997
268.99417255200024
269.3637098170002
269.7151304020008
270.1855586599995
270.5495959359996
270.8975330510002
271.29081765699993
271.6379023030004
272.0310537200003
272.3902631180008
272.74813918200016
273.1351219240005
273.5145019690008
273.91806560700024
274.2765024090004
274.6634817619997
275.02338458800114
275.37611985700096
275.75863191700046
276.1116998819998
276.525624666001
276.8827246889996
277.264648028
277.62336672700076
277.9954248230006
278.41288878200066
278.76689710699975
279.1634279160007
279.5234515960001
279.8907488349996
280.310662975
280.6687459149998
281.07842078199974
281.4392305960009
281.808916588001
282.2299702599994
282.5922356330011
282.9979289799994
283.35905959999945
283.73203112900046
284.09393347399964
284.45791578600074
284.87264555600086
285.22850284000015
285.6276262780011
285.9908614390006
286.36936984800013
286.79331034200004
287.1563107180009
287.5592584320002
287.92355697399944
288.3001015680002
288.7231134440008
289.0743908200002
289.4865303130009
289.83465195200006
290.23011315700023
290.6203493989997
290.97006158300064
291.3792078429997
291.75209398100014
292.1686618399999
292.53849313200044
292.9371731320007
293.29173799099954
293.66478887499943
294.10281273200053
294.45861719999994
294.87486710600024
295.25216685099986
295.66174925199994
296.02958954399946
296.4269729330008
296.7940342940001
297.17276889499954
297.60190690700074
297.9666015349994
298.3640052390001
298.7231272459994
299.0892034869994
299.4997853799996
299.85573764900073
300.2297020959995
300.64150048600095
300.9952984350002
301.4260181210011
301.7840570970002
302.15942669499964
302.5795712670006
302.9361874620008
303.33547233100035
303.7005816740002
304.08125871800075
304.54005410900027
304.8998880809995
305.3089060220009
305.6687862359995
306.0794928730011
306.4419383630011
306.8314005829998
307.2533605030003
307.6171299010002
308.03304962999937
308.42592792899995
308.8351029109999
309.19750186300007
309.58583023600113
